[4, 0.8, 0.01, 'relu'] 0.9770736694335938 0.14193473756313324 0.9776178002357483 0.9765040874481201 [0.9829684  0.9889346  0.9713867  0.9715929  0.9790916  0.97231966
 0.9886121  0.97177833 0.97481483 0.96694523]
[4, 0.8, 0.01, 'linear'] 0.9661089181900024 1.4104195833206177 0.9661065340042114 0.9660377502441406 [0.9697186  0.98317754 0.9449929  0.9733285  0.9733191  0.9700079
 0.97697484 0.94736844 0.9574315  0.9627755 ]
[4, 0.8, 0.01, 'mish'] 0.9797793030738831 0.10973572731018066 0.9811643958091736 0.9791384935379028 [0.99052966 0.9906192  0.9720102  0.9832239  0.9793104  0.97867304
 0.9878745  0.97251445 0.96790665 0.97326595]
[4, 0.8, 0.001, 'relu'] 0.9810608625411987 0.07613889127969742 0.9816108345985413 0.9805624485015869 [0.98805344 0.99279666 0.9703923  0.9845045  0.98039216 0.98190403
 0.9899569  0.97915953 0.96792793 0.9734577 ]
[4, 0.8, 0.001, 'linear'] 0.9804200530052185 0.08867236226797104 0.9809747934341431 0.9802064895629883 [0.983871   0.9959209  0.9705015  0.9818049  0.98029375 0.9795758
 0.98886895 0.9742198  0.97988075 0.96721894]
[4, 0.8, 0.001, 'mish'] 0.9836240410804749 0.06792750209569931 0.9841824173927307 0.9834816455841064 [0.9881285  0.9924194  0.9774597  0.98619187 0.9843416  0.9802371
 0.9867337  0.9808829  0.98331475 0.97508895]
[4, 0.8, 0.0001, 'relu'] 0.9754360914230347 0.08273481577634811 0.9789126515388489 0.9717336893081665 [0.98236954 0.9859507  0.9641026  0.97737217 0.97981256 0.9729306
 0.98577523 0.9688676  0.96795577 0.96723646]
[4, 0.8, 0.0001, 'linear'] 0.9757208824157715 0.08407814800739288 0.9790875911712646 0.9733713269233704 [0.9839497  0.98904544 0.9667501  0.9719694  0.9791367  0.9740566
 0.98715204 0.97381115 0.96614    0.9624866 ]
[4, 0.8, 0.0001, 'mish'] 0.9753649234771729 0.08206891268491745 0.9789307713508606 0.9725881218910217 [0.9809457  0.98779345 0.9714286  0.9728556  0.9749205  0.9706228
 0.98335105 0.9724138  0.9676449  0.9689306 ]
[4, 0.85, 0.01, 'relu'] 0.9783479571342468 0.14418181777000427 0.978900134563446 0.9779664278030396 [0.9860594  0.989882   0.96705425 0.97766995 0.98677117 0.9784837
 0.98600745 0.9735989  0.9633028  0.971872  ]
[4, 0.85, 0.01, 'linear'] 0.9708126783370972 1.5145574808120728 0.9709053039550781 0.9708126783370972 [0.9828306  0.9873631  0.9597673  0.97273177 0.9516659  0.9734789
 0.97810906 0.9668246  0.9656545  0.96714073]
[4, 0.85, 0.01, 'mish'] 0.9722434282302856 0.22538027167320251 0.974165141582489 0.9710988402366638 [0.97505885 0.988622   0.9605523  0.9769946  0.9739557  0.96849585
 0.98496246 0.96545374 0.9623552  0.9629629 ]
[4, 0.85, 0.001, 'relu'] 0.9862647652626038 0.05967891216278076 0.98682701587677 0.9860740303993225 [0.9916744  0.9937107  0.9842209  0.98542273 0.9871795  0.98191214
 0.9920301  0.98180115 0.97853667 0.9843597 ]
[4, 0.85, 0.001, 'linear'] 0.9825448393821716 0.07851336151361465 0.9829133152961731 0.9821633100509644 [0.98653036 0.9936948  0.9746898  0.98148143 0.98206496 0.98338526
 0.9869403  0.98132586 0.97786516 0.9752548 ]
[4, 0.85, 0.001, 'mish'] 0.9858832359313965 0.06260021030902863 0.9871010780334473 0.9854063391685486 [0.9921333  0.9945447  0.98196    0.9863148  0.9872549  0.9838626
 0.9925164  0.98397744 0.97678924 0.97742885]
[4, 0.85, 0.0001, 'relu'] 0.9752002954483032 0.07875268161296844 0.9787928462028503 0.9729111194610596 [0.9803555  0.98908484 0.9663578  0.9704314  0.9807217  0.97451895
 0.9878505  0.9707547  0.96632504 0.9629629 ]
[4, 0.85, 0.0001, 'linear'] 0.9767264127731323 0.07971470803022385 0.9798483848571777 0.9739603400230408 [0.9833179  0.98908484 0.97097886 0.97473276 0.97937137 0.978125
 0.98602045 0.96944445 0.96812165 0.96561885]
[4, 0.85, 0.0001, 'mish'] 0.9765356779098511 0.07845619320869446 0.97910475730896 0.974341869354248 [0.9823747  0.9882845  0.96748763 0.97801656 0.9795122  0.97361606
 0.98728216 0.97090065 0.97017115 0.96500736]
[4, 0.9, 0.01, 'relu'] 0.9797413945198059 0.11975890398025513 0.9804372787475586 0.9793103337287903 [0.98593533 0.9908369  0.9773756  0.9775449  0.9765684  0.9801744
 0.98964804 0.97087383 0.98039216 0.9651077 ]
[4, 0.9, 0.01, 'linear'] 0.9655172228813171 1.5697940587997437 0.9655172228813171 0.9655172228813171 [0.9732852  0.9878641  0.962908   0.92857146 0.97777784 0.95759445
 0.9814178  0.9588652  0.95730335 0.9648992 ]
[4, 0.9, 0.01, 'mish'] 0.9761494398117065 0.14260198175907135 0.9785240888595581 0.9754310250282288 [0.97622377 0.9837448  0.9706546  0.976533   0.97376543 0.97411764
 0.98893493 0.9691877  0.9795322  0.96632504]
[4, 0.9, 0.001, 'relu'] 0.9867815971374512 0.04985005035996437 0.9876241087913513 0.9860632419586182 [0.9828326  0.99573433 0.98869634 0.9871114  0.9901441  0.98057497
 0.992377   0.98613036 0.989781   0.97234356]
[4, 0.9, 0.001, 'linear'] 0.9856321811676025 0.064450703561306 0.98591548204422 0.9856321811676025 [0.98653436 0.9939172  0.98269373 0.98065484 0.99159664 0.9803921
 0.9937457  0.9817159  0.984058   0.9787857 ]
[4, 0.9, 0.001, 'mish'] 0.9893678426742554 0.04845216125249863 0.9897900223731995 0.9889367818832397 [0.99151343 0.9957396  0.990991   0.98941    0.98699313 0.98587126
 0.9931035  0.9888579  0.98770785 0.98160416]
[4, 0.9, 0.0001, 'relu'] 0.978735625743866 0.07208096981048584 0.9819494485855103 0.977011501789093 [0.98213005 0.98906434 0.9750567  0.97568387 0.98245615 0.9779527
 0.9856066  0.97842723 0.97105646 0.96732026]
[4, 0.9, 0.0001, 'linear'] 0.977011501789093 0.07522327452898026 0.9802051782608032 0.9747126698493958 [0.97933    0.9872958  0.9733435  0.9669669  0.98245615 0.9748031
 0.98963374 0.9737569  0.97266185 0.96674055]
[4, 0.9, 0.0001, 'mish'] 0.9795976877212524 0.06633937358856201 0.9819572567939758 0.9774425029754639 [0.9815603  0.99145305 0.9743589  0.9766038  0.9831288  0.9787234
 0.98963374 0.97503465 0.97546893 0.967225  ]
