['1' '0.8' '0.01' 'relu'] 0.9881096482276917 0.0454731285572052 0.9887424111366272 0.9880384206771851 [0.99299717 0.99370676 0.9848594  0.99196494 0.989557   0.98509806
 0.9914225  0.98624486 0.98447895 0.97967917]
['1' '0.8' '0.01' 'linear'] 0.9736561179161072 0.3582988977432251 0.9737929105758667 0.9735848903656006 [0.98393846 0.9823365  0.96429884 0.98218834 0.97085285 0.97310126
 0.98578537 0.9742877  0.9675226  0.9507628 ]
['1' '0.8' '0.01' 'mish'] 0.982413649559021 0.10503318905830383 0.9827622771263123 0.9823424816131592 [0.9909154  0.98478734 0.9795321  0.9887559  0.9782609  0.9840891
 0.98794323 0.98052853 0.9785978  0.9703599 ]
['1' '0.8' '0.001' 'relu'] 0.9896760582923889 0.03596539795398712 0.9903723001480103 0.9887504577636719 [0.9947461  0.9946592  0.98743266 0.98985505 0.991404   0.9868891
 0.99181783 0.9879018  0.98708963 0.98383033]
['1' '0.8' '0.001' 'linear'] 0.9844784736633301 0.05232863873243332 0.986573338508606 0.983552873134613 [0.99163175 0.9936988  0.9780655  0.9798125  0.9867431  0.98015875
 0.9907275  0.9810801  0.9821958  0.9787387 ]
['1' '0.8' '0.001' 'mish'] 0.9879672527313232 0.039209771901369095 0.9890133142471313 0.9870416522026062 [0.99404544 0.99590296 0.98480463 0.9876812  0.9877433  0.9873617
 0.9914347  0.9859637  0.9848764  0.97855616]
['1' '0.8' '0.0001' 'relu'] 0.9774296879768372 0.07778560370206833 0.9810779690742493 0.9745817184448242 [0.98810357 0.9868503  0.9689755  0.9763722  0.97898114 0.97348636
 0.9879003  0.9724138  0.9730925  0.9659173 ]
['1' '0.8' '0.0001' 'linear'] 0.9737985134124756 0.08777130395174026 0.9790169596672058 0.9700249433517456 [0.9846154  0.98406744 0.9645185  0.9695652  0.9799283  0.9699368
 0.985      0.9707401  0.9674074  0.95977   ]
['1' '0.8' '0.0001' 'mish'] 0.9764329195022583 0.08043505996465683 0.9809141159057617 0.9733713269233704 [0.98776656 0.9837804  0.9707263  0.97674423 0.97631013 0.97378874
 0.9871977  0.97372055 0.9692934  0.96312207]
['1' '0.85' '0.01' 'relu'] 0.9897939562797546 0.043505843728780746 0.9899818897247314 0.989698588848114 [0.9921187  0.9941127  0.987799   0.98978096 0.9931305  0.9855222
 0.9929808  0.98732996 0.98966026 0.98445094]
['1' '0.85' '0.01' 'linear'] 0.974151074886322 0.3563465178012848 0.9742439985275269 0.974151074886322 [0.9883883  0.9843287  0.962963   0.96814674 0.979432   0.97470313
 0.98876405 0.9696682  0.9613152  0.96119404]
['1' '0.85' '0.01' 'mish'] 0.9818771481513977 0.08621124178171158 0.9822518825531006 0.9818771481513977 [0.98392284 0.99283004 0.9789112  0.9853802  0.98291844 0.9833333
 0.9892873  0.9742173  0.97476494 0.97128713]
['1' '0.85' '0.001' 'relu'] 0.9888401627540588 0.03543229401111603 0.9898719787597656 0.9881724715232849 [0.9939843  0.9924242  0.9858052  0.988753   0.9916544  0.98598856
 0.99299395 0.983683   0.98721725 0.98494416]
['1' '0.85' '0.001' 'linear'] 0.9856925010681152 0.05150990933179855 0.9867138266563416 0.984643280506134 [0.9926063  0.99329424 0.98000973 0.98584676 0.9843291  0.98432606
 0.99068034 0.98219305 0.9826475  0.97917676]
['1' '0.85' '0.001' 'mish'] 0.9894124269485474 0.03583492338657379 0.9901614189147949 0.9887447357177734 [0.994429   0.993266   0.9848706  0.98927873 0.99265075 0.9865424
 0.9934519  0.9859155  0.9857072  0.9869376 ]
['1' '0.85' '0.0001' 'relu'] 0.977203369140625 0.07409906387329102 0.9810740947723389 0.9740557074546814 [0.98932713 0.98536175 0.9710359  0.9760392  0.9814272  0.97358876
 0.9878277  0.9688228  0.96972656 0.9665025 ]
['1' '0.85' '0.0001' 'linear'] 0.9744372367858887 0.08571159094572067 0.9789382815361023 0.9709080457687378 [0.9860724  0.9878509  0.96531516 0.96793    0.9771289  0.9746508
 0.9868914  0.96783215 0.96918494 0.95835376]
['1' '0.85' '0.0001' 'mish'] 0.9776802659034729 0.07873589545488358 0.9819231033325195 0.9740557074546814 [0.988858   0.9857622  0.9676153  0.97527874 0.9814453  0.9765991
 0.9873654  0.9755639  0.96954805 0.96639067]
['1' '0.9' '0.01' 'relu'] 0.9889367818832397 0.03635220602154732 0.9892179369926453 0.9886494278907776 [0.9922041  0.993895   0.9895053  0.988024   0.99163496 0.98748046
 0.9924086  0.9874126  0.98470503 0.98082596]
['1' '0.9' '0.01' 'linear'] 0.9775862097740173 0.26607203483581543 0.9777266979217529 0.9775862097740173 [0.98668534 0.9831325  0.9706987  0.98264146 0.9824024  0.9770023
 0.9875173  0.9746479  0.9677419  0.9616775 ]
['1' '0.9' '0.01' 'mish'] 0.9885057210922241 0.060346830636262894 0.9885024428367615 0.988218367099762 [0.995067   0.99450886 0.98873025 0.99246985 0.9893617  0.9833729
 0.9931035  0.98194444 0.9855073  0.9793205 ]
['1' '0.9' '0.001' 'relu'] 0.9902299046516418 0.032883886247873306 0.9912167191505432 0.9890804886817932 [0.99505293 0.99573433 0.9863636  0.98656714 0.99081165 0.9882538
 0.9958506  0.9895324  0.9913169  0.9808823 ]
['1' '0.9' '0.001' 'linear'] 0.9856321811676025 0.04741071164608002 0.9875991344451904 0.9840517044067383 [0.9908386  0.99210685 0.981075   0.9856169  0.98190045 0.9874214
 0.9944675  0.9811847  0.98691857 0.972734  ]
['1' '0.9' '0.001' 'mish'] 0.9897988438606262 0.03123272955417633 0.9906501770019531 0.9895114898681641 [0.9936395  0.99328035 0.987988   0.9924586  0.9900688  0.9921507
 0.9951625  0.9826509  0.9884393  0.98154986]
['1' '0.9' '0.0001' 'relu'] 0.9793103337287903 0.06835898756980896 0.9837822318077087 0.9761494398117065 [0.9872521  0.9884499  0.9772727  0.98118883 0.98176295 0.9731862
 0.99309397 0.96801114 0.9740634  0.96607673]
['1' '0.9' '0.0001' 'linear'] 0.9785919785499573 0.07467928528785706 0.9819102883338928 0.9748563170433044 [0.98515904 0.987265   0.9720333  0.9767092  0.9816794  0.9772191
 0.9903182  0.972106   0.98039216 0.9603524 ]
['1' '0.9' '0.0001' 'mish'] 0.9811781644821167 0.06600622832775116 0.9842439889907837 0.9783046245574951 [0.9893693  0.98784935 0.9767442  0.9775449  0.9831804  0.977918
 0.99101585 0.9741078  0.98050547 0.97126013]
['2' '0.8' '0.01' 'relu'] 0.9868280291557312 0.10491857677698135 0.9868964552879333 0.9866856336593628 [0.99268544 0.9946658  0.9859459  0.98806506 0.98582566 0.98074657
 0.99033296 0.9839833  0.9847414  0.9794446 ]
['2' '0.8' '0.01' 'linear'] 0.9715201258659363 1.005674958229065 0.9715201258659363 0.9715201258659363 [0.98701304 0.9866836  0.9678363  0.9703041  0.975697   0.96299314
 0.9751139  0.96478873 0.9605839  0.9609211 ]
['2' '0.8' '0.01' 'mish'] 0.9844072461128235 0.19369058310985565 0.9845474362373352 0.9844072461128235 [0.9909218  0.98932165 0.97948897 0.98685175 0.9825063  0.98335975
 0.9892857  0.9816164  0.97877014 0.9809694 ]
['2' '0.8' '0.001' 'relu'] 0.9863296747207642 0.05215882882475853 0.9869565367698669 0.9859024286270142 [0.9933404  0.9933775  0.9819885  0.98760027 0.9863897  0.98040754
 0.9907407  0.9858572  0.98341316 0.9784483 ]
['2' '0.8' '0.001' 'linear'] 0.9830544590950012 0.07139565795660019 0.9838836193084717 0.9823424816131592 [0.98982817 0.9940195  0.9768786  0.97809696 0.9838188  0.98051685
 0.99       0.9784762  0.98156345 0.97548664]
['2' '0.8' '0.001' 'mish'] 0.9854040741920471 0.06195950508117676 0.985957682132721 0.9848344326019287 [0.9908836  0.99434316 0.9805195  0.98622197 0.9863995  0.98376244
 0.9875666  0.98652846 0.97754884 0.9784173 ]
['2' '0.8' '0.0001' 'relu'] 0.9787113070487976 0.07179635763168335 0.9817479252815247 0.9765753149986267 [0.9895031  0.98838305 0.974711   0.97743815 0.9823931  0.9751086
 0.98717034 0.97756296 0.96643305 0.9661078 ]
['2' '0.8' '0.0001' 'linear'] 0.9785689115524292 0.07839128375053406 0.9813023805618286 0.9752936959266663 [0.9853351  0.9883903  0.97531307 0.9763033  0.9820144  0.9768925
 0.98613584 0.9752917  0.9704142  0.96762586]
['2' '0.8' '0.0001' 'mish'] 0.9759345054626465 0.07788798958063126 0.9799311757087708 0.9734424948692322 [0.9866009  0.9861286  0.97159296 0.9690647  0.9775241  0.9738303
 0.98613584 0.97803706 0.9649834  0.96298987]
['2' '0.85' '0.01' 'relu'] 0.9812094569206238 0.15078602731227875 0.9814885258674622 0.9811140894889832 [0.99021894 0.98338306 0.9720177  0.97837573 0.9852362  0.98022896
 0.9906454  0.9807783  0.969112   0.9810588 ]
['2' '0.85' '0.01' 'linear'] 0.9739603400230408 0.8613333702087402 0.9739603400230408 0.9739603400230408 [0.9892974  0.9886316  0.9673012  0.97024953 0.9714838  0.9678736
 0.98641694 0.9685476  0.96352583 0.962189  ]
['2' '0.85' '0.01' 'mish'] 0.985310971736908 0.19053521752357483 0.9854989647865295 0.985310971736908 [0.9897292  0.99199325 0.9818716  0.9854932  0.9872549  0.98600304
 0.9892474  0.9804833  0.9808542  0.9789937 ]
['2' '0.85' '0.001' 'relu'] 0.9855017066001892 0.05582427233457565 0.9867163896560669 0.9848340153694153 [0.9930523  0.9916388  0.9838156  0.9811867  0.9896806  0.97905755
 0.99248827 0.9831461  0.98027617 0.97870284]
['2' '0.85' '0.001' 'linear'] 0.9823540449142456 0.07745000720024109 0.9829068183898926 0.9817817807197571 [0.9907579  0.99197304 0.9746835  0.9819776  0.98395723 0.9753281
 0.9869281  0.9821092  0.97931033 0.9739382 ]
['2' '0.85' '0.001' 'mish'] 0.9858832359313965 0.05908269062638283 0.9871047735214233 0.9856925010681152 [0.99303937 0.99368954 0.98098487 0.98222005 0.9872299  0.9790357
 0.9911174  0.98541176 0.98190707 0.98196   ]
['2' '0.85' '0.0001' 'relu'] 0.9785387516021729 0.07200618088245392 0.9816839098930359 0.9764403104782104 [0.988858   0.98784065 0.9748892  0.9765166  0.9801261  0.97314054
 0.989681   0.9739293  0.97106427 0.96660125]
['2' '0.85' '0.0001' 'linear'] 0.9744372367858887 0.08446238934993744 0.9786620736122131 0.9711942076683044 [0.987025   0.9844994  0.96595955 0.9743084  0.9812623  0.9736706
 0.98503274 0.96316755 0.96758354 0.9597283 ]
['2' '0.85' '0.0001' 'mish'] 0.9780617952346802 0.07503598928451538 0.9813039302825928 0.9762495160102844 [0.9893469  0.9865997  0.972973   0.97341716 0.9842829  0.97384936
 0.9864549  0.97469544 0.9677734  0.9687194 ]
['2' '0.9' '0.01' 'relu'] 0.9862068891525269 0.09003116935491562 0.9863446950912476 0.9859195351600647 [0.99152535 0.9927272  0.9910314  0.98873025 0.9804216  0.98495644
 0.993113   0.9794763  0.98472726 0.9734121 ]
['2' '0.9' '0.01' 'linear'] 0.9767241477966309 0.9196070432662964 0.9767241477966309 0.9767241477966309 [0.9835597  0.99090356 0.9603054  0.97677904 0.98335856 0.9770388
 0.99102825 0.96387184 0.96797675 0.96893483]
['2' '0.9' '0.01' 'mish'] 0.9836207032203674 0.16406269371509552 0.9840448498725891 0.9836207032203674 [0.99225897 0.99027944 0.9811605  0.988645   0.97757155 0.9875583
 0.99172413 0.9778086  0.9766082  0.97071743]
['2' '0.9' '0.001' 'relu'] 0.9880747199058533 0.03945125639438629 0.9887785911560059 0.987500011920929 [0.9901408  0.99634147 0.9848943  0.9894737  0.9885583  0.9851446
 0.9944522  0.986014   0.9855908  0.9778761 ]
['2' '0.9' '0.001' 'linear'] 0.9839080572128296 0.05752914398908615 0.9851734638214111 0.9833333492279053 [0.98734176 0.99450886 0.9834835  0.98340875 0.9832827  0.97962385
 0.98683304 0.9803647  0.9826087  0.97499996]
['2' '0.9' '0.001' 'mish'] 0.9877873659133911 0.05030643567442894 0.9877838492393494 0.987500011920929 [0.9943503  0.9920294  0.98500746 0.99097747 0.9838586  0.98500395
 0.9937716  0.98675954 0.9842181  0.9802487 ]
['2' '0.9' '0.0001' 'relu'] 0.9793103337287903 0.06572643667459488 0.9830900430679321 0.9772988557815552 [0.98866856 0.9896405  0.97827715 0.97601193 0.98323166 0.9755713
 0.99101585 0.97206706 0.9761733  0.9593496 ]
['2' '0.9' '0.0001' 'linear'] 0.9772988557815552 0.07746090739965439 0.9800606966018677 0.9745689630508423 [0.98515904 0.9848942  0.970015   0.974981   0.9839327  0.97169816
 0.9888734  0.9716655  0.9781977  0.9609433 ]
['2' '0.9' '0.0001' 'mish'] 0.9778735637664795 0.07156851887702942 0.9807997941970825 0.9761494398117065 [0.98513794 0.98723406 0.9767442  0.979684   0.9809014  0.9730159
 0.9883161  0.97421604 0.9698709  0.96065325]
['3' '0.8' '0.01' 'relu'] 0.9820576906204224 0.0809842199087143 0.98349529504776 0.9800640940666199 [0.9876977  0.98994976 0.9753266  0.9826087  0.9820015  0.97830373
 0.9889404  0.9751108  0.97939664 0.9798416 ]
['3' '0.8' '0.01' 'linear'] 0.9750800728797913 0.2890971899032593 0.9750800728797913 0.9750800728797913 [0.9842492  0.98536277 0.9577778  0.97400725 0.9779045  0.9742389
 0.9878136  0.971507   0.9664784  0.96886057]
['3' '0.8' '0.01' 'mish'] 0.9780704975128174 0.11877990514039993 0.9815849661827087 0.9753649234771729 [0.9856393  0.9921409  0.96169287 0.97576857 0.98019445 0.9742778
 0.98925495 0.96708524 0.979622   0.97291523]
['3' '0.8' '0.001' 'relu'] 0.9860448837280273 0.05354083329439163 0.9869462847709656 0.9851192831993103 [0.98948103 0.9934025  0.9808457  0.98513955 0.9889246  0.98253965
 0.99146515 0.97921634 0.986637   0.9815818 ]
['3' '0.8' '0.001' 'linear'] 0.9838376641273499 0.05738956853747368 0.9852311611175537 0.9831968545913696 [0.9884656  0.994329   0.9764237  0.98249453 0.98536235 0.9826087
 0.9879261  0.97783846 0.98231393 0.9790007 ]
['3' '0.8' '0.001' 'mish'] 0.9869704246520996 0.04651915282011032 0.9880875945091248 0.9862584471702576 [0.99123734 0.994329   0.98557    0.9883382  0.9868187  0.98301065
 0.99180615 0.98344827 0.9838354  0.9798561 ]
['3' '0.8' '0.0001' 'relu'] 0.972801685333252 0.08887036889791489 0.9786881804466248 0.9678177237510681 [0.9817544  0.98317754 0.9609545  0.9720914  0.97758806 0.9723975
 0.984364   0.9630896  0.9638009  0.966739  ]
['3' '0.8' '0.0001' 'linear'] 0.9724457263946533 0.09005621820688248 0.9777346849441528 0.969241738319397 [0.98048776 0.98407745 0.9614692  0.9724771  0.9746338  0.972332
 0.98437494 0.96461695 0.96851575 0.9595127 ]
['3' '0.8' '0.0001' 'mish'] 0.9718760848045349 0.0905415341258049 0.9779998660087585 0.9685297012329102 [0.97990835 0.98560697 0.95944965 0.97186697 0.9739006  0.97104853
 0.98608637 0.9657278  0.9617242  0.96092623]
['3' '0.85' '0.01' 'relu'] 0.9811140894889832 0.07793937623500824 0.9833413362503052 0.9796833395957947 [0.9883776  0.9911802  0.96678233 0.978744   0.98046875 0.97872335
 0.9925373  0.97158825 0.98176444 0.9785784 ]
['3' '0.85' '0.01' 'linear'] 0.9556466937065125 0.9648717641830444 0.9556466937065125 0.9556466937065125 [0.97108763 0.9835789  0.9250646  0.9386792  0.9691932  0.9519918
 0.9679273  0.93495935 0.9635108  0.94518524]
['3' '0.85' '0.01' 'mish'] 0.9781571626663208 0.09745870530605316 0.9837061166763306 0.9731972813606262 [0.9843606  0.98664445 0.9660524  0.98137254 0.97690415 0.97467697
 0.988806   0.96875    0.9789525  0.97286636]
['3' '0.85' '0.001' 'relu'] 0.9867417216300964 0.0487811453640461 0.9885255098342896 0.9860740303993225 [0.99123216 0.99327725 0.98098487 0.9838156  0.989721   0.9844237
 0.9911587  0.9836373  0.9862069  0.981409  ]
['3' '0.85' '0.001' 'linear'] 0.9834986925125122 0.058240871876478195 0.9846153855323792 0.9828310012817383 [0.98894006 0.99203354 0.9770396  0.97927713 0.98269904 0.98225474
 0.99021894 0.98074216 0.98363906 0.9762021 ]
['3' '0.85' '0.001' 'mish'] 0.9882678389549255 0.042434852570295334 0.9888241291046143 0.9874094128608704 [0.987061   0.9941373  0.9847516  0.9902534  0.98874205 0.98655635
 0.991084   0.9850328  0.9906358  0.983463  ]
['3' '0.85' '0.0001' 'relu'] 0.9745326042175293 0.0855281800031662 0.9790263772010803 0.9706218838691711 [0.98609823 0.9899413  0.9563909  0.97315764 0.98043054 0.97314054
 0.98691595 0.95699906 0.97262317 0.9665859 ]
['3' '0.85' '0.0001' 'linear'] 0.9737695455551147 0.08714157342910767 0.9779680371284485 0.9695726633071899 [0.98151565 0.986152   0.96112734 0.9724951  0.97742885 0.97449243
 0.9837436  0.9625173  0.9706614  0.96524715]
['3' '0.85' '0.0001' 'mish'] 0.974818766117096 0.07971172034740448 0.9792208075523376 0.9709080457687378 [0.9794776  0.98787117 0.96409243 0.9730788  0.979432   0.97107434
 0.9874008  0.96292865 0.973026   0.96714073]
['3' '0.9' '0.01' 'relu'] 0.9816091656684875 0.0762927234172821 0.9837199449539185 0.9810344576835632 [0.98653436 0.992078   0.9776119  0.979561   0.9804805  0.9739131
 0.9889807  0.97407144 0.98479366 0.97481483]
['3' '0.9' '0.01' 'linear'] 0.9716954231262207 0.7173722386360168 0.9716954231262207 0.9716954231262207 [0.97790444 0.986403   0.95928943 0.962963   0.9708302  0.9685535
 0.9801234  0.9696113  0.97316897 0.96407187]
['3' '0.9' '0.01' 'mish'] 0.9804597496986389 0.09353780746459961 0.9829627275466919 0.9781609177589417 [0.9828816  0.99151516 0.97872347 0.97891563 0.9818182  0.975
 0.9862637  0.9756097  0.98173845 0.96920824]
['3' '0.9' '0.001' 'relu'] 0.9862068891525269 0.042075030505657196 0.9874802231788635 0.9859195351600647 [0.9872521  0.9957447  0.98552936 0.9863843  0.98484844 0.980484
 0.9903315  0.98066294 0.9920116  0.9763663 ]
['3' '0.9' '0.001' 'linear'] 0.986494243144989 0.04826555401086807 0.9870447516441345 0.9852011203765869 [0.98585576 0.99573433 0.98104626 0.98419863 0.98557323 0.9858934
 0.9923558  0.981289   0.9905865  0.98016167]
['3' '0.9' '0.001' 'mish'] 0.9908046126365662 0.03556174039840698 0.9909430742263794 0.9903735518455505 [0.990085   0.9969494  0.99249256 0.992515   0.99005353 0.98734176
 0.9937716  0.99230224 0.9913169  0.9796215 ]
['3' '0.9' '0.0001' 'relu'] 0.9750000238418579 0.08260664343833923 0.979432225227356 0.9715517163276672 [0.9836764  0.98906434 0.96636087 0.9723077  0.97709924 0.9705426
 0.9868694  0.9604904  0.9744712  0.96571845]
['3' '0.9' '0.0001' 'linear'] 0.9761494398117065 0.07943523675203323 0.9802841544151306 0.9715517163276672 [0.9793594  0.99209726 0.96730036 0.9740458  0.977169   0.97007877
 0.98484844 0.9704873  0.9756447  0.96607673]
['3' '0.9' '0.0001' 'mish'] 0.977011501789093 0.07771475613117218 0.980312705039978 0.972988486289978 [0.98362994 0.9908592  0.96803653 0.9743589  0.98009187 0.9742389
 0.9875691  0.96504456 0.976778   0.96622616]
